Title,Description,Link,Media URL,Pinterest board,Publish date
Free 17 Addition Math Worksheet For Grade 3 | Printable Practice,Teachers and parents love this Addition worksheet for Grade 3. Download and print instantly.,https://mathworksheetkidscoloringhouse.github.io/html/free-17-addition-math-worksheet-for-grade-3-6816.html,https://mathworksheetkidscoloringhouse.github.io/images/free-17-addition-math-worksheet-for-grade-3-6816.jpg,Math Practice Printables,03/17/2026 08:34:00 AM
"Count and Color Apple, Triangle, Square Worksheet for Kids",Teachers and parents love this Count and Color worksheet for Grade 1. Download and print instantly.,https://mathworksheetkidscoloringhouse.github.io/html/count-and-color-apple-triangle-square-worksheet-for-kids-9237.html,https://mathworksheetkidscoloringhouse.github.io/images/count-and-color-apple-triangle-square-worksheet-for-kids-9237.jpg,Elementary Math Activities,03/17/2026 11:00:00 AM
Free Counting Objects Worksheet For Kindergarten Printable - Part 3 | Printable Practice,Teachers and parents love this Counting Objects worksheet for Kindergarten. Download and print instantly.,https://mathworksheetkidscoloringhouse.github.io/html/free-counting-objects-worksheet-for-kindergarten-printable-part-3-2364.html,https://mathworksheetkidscoloringhouse.github.io/images/free-counting-objects-worksheet-for-kindergarten-printable-part-3-2364.jpg,Homeschool Math,03/17/2026 01:32:00 PM
Free 19 Division Math Worksheet For Grade 2 - Part 4 | Printable Practice,Help kids master Division with this printable worksheet for Grade 2. Great for daily math practice.,https://mathworksheetkidscoloringhouse.github.io/html/free-19-division-math-worksheet-for-grade-2-part-4-8899.html,https://mathworksheetkidscoloringhouse.github.io/images/free-19-division-math-worksheet-for-grade-2-part-4-8899.jpg,Homeschool Math,03/17/2026 04:37:00 PM
Practice Math Trivia Quiz Worksheet for Study,Fun and engaging Math worksheet for Math. Perfect printable math practice.,https://mathworksheetkidscoloringhouse.github.io/html/practice-math-trivia-quiz-worksheet-for-study-9541.html,https://mathworksheetkidscoloringhouse.github.io/images/practice-math-trivia-quiz-worksheet-for-study-9541.jpg,Kids Math Worksheets,03/17/2026 08:25:00 PM
Missing Number Math Worksheet,Help kids master Missing Number with this printable worksheet for Grade 1. Great for daily math practice.,https://mathworksheetkidscoloringhouse.github.io/html/missing-number-math-worksheet-2930.html,https://mathworksheetkidscoloringhouse.github.io/images/missing-number-math-worksheet-2930.jpg,Elementary Math Activities,03/18/2026 08:37:00 AM
Mixed Operations Math Worksheet,Teachers and parents love this Mixed Operations worksheet for Grade 3. Download and print instantly.,https://mathworksheetkidscoloringhouse.github.io/html/mixed-operations-math-worksheet-6274.html,https://mathworksheetkidscoloringhouse.github.io/images/mixed-operations-math-worksheet-6274.jpg,Elementary Math Activities,03/18/2026 11:00:00 AM
Free 29 Multiplication Math Worksheet For Grade 1 - Part 8 | Printable Practice,Printable Multiplication worksheet designed for Grade 1 students. Easy and fun math practice.,https://mathworksheetkidscoloringhouse.github.io/html/free-29-multiplication-math-worksheet-for-grade-1-part-8-9017.html,https://mathworksheetkidscoloringhouse.github.io/images/free-29-multiplication-math-worksheet-for-grade-1-part-8-9017.jpg,Elementary Math Activities,03/18/2026 01:23:00 PM
Grade 2 Subtraction Practice Worksheet (15 Problems) - Part 9 | Printable Practice,Fun and engaging Subtraction worksheet for Grade 2. Perfect printable math practice.,https://mathworksheetkidscoloringhouse.github.io/html/grade-2-subtraction-practice-worksheet-15-problems-part-9-3202.html,https://mathworksheetkidscoloringhouse.github.io/images/grade-2-subtraction-practice-worksheet-15-problems-part-9-3202.jpg,Kids Math Worksheets,03/18/2026 04:27:00 PM
Printable 3 Times Table Worksheet For Grade 2 - Part 10 | Printable Practice,Printable Times Table worksheet designed for Grade 2 students. Easy and fun math practice.,https://mathworksheetkidscoloringhouse.github.io/html/printable-3-times-table-worksheet-for-grade-2-part-10-7159.html,https://mathworksheetkidscoloringhouse.github.io/images/printable-3-times-table-worksheet-for-grade-2-part-10-7159.jpg,Homeschool Math,03/18/2026 08:32:00 PM
Printable Tracing Worksheet For Kids - Part 11 | Free Printable,Fun and engaging Tracing worksheet for Kindergarten. Perfect printable math practice.,https://mathworksheetkidscoloringhouse.github.io/html/printable-tracing-worksheet-for-kids-part-11-4290.html,https://mathworksheetkidscoloringhouse.github.io/images/printable-tracing-worksheet-for-kids-part-11-4290.jpg,Elementary Math Activities,03/19/2026 08:36:00 AM
Math Word Problem Worksheet,Free printable Word Problem worksheet for Grade 3. Perfect for homeschool practice and classroom activities.,https://mathworksheetkidscoloringhouse.github.io/html/math-word-problem-worksheet-7326.html,https://mathworksheetkidscoloringhouse.github.io/images/math-word-problem-worksheet-7326.jpg,Homeschool Math,03/19/2026 11:00:00 AM
Free 22 Addition Math Worksheet For Grade 1 With Answers - Part 13 | Printable Practice,Help kids master Addition with this printable worksheet for Grade 1. Great for daily math practice.,https://mathworksheetkidscoloringhouse.github.io/html/free-22-addition-math-worksheet-for-grade-1-with-answers-part-13-8956.html,https://mathworksheetkidscoloringhouse.github.io/images/free-22-addition-math-worksheet-for-grade-1-with-answers-part-13-8956.jpg,Math Practice Printables,03/19/2026 01:27:00 PM
Fun Count and Color Objects Worksheet for Grade 1,Free printable Count and Color worksheet for Grade 1. Perfect for homeschool practice and classroom activities.,https://mathworksheetkidscoloringhouse.github.io/html/fun-count-and-color-objects-worksheet-for-grade-1-4719.html,https://mathworksheetkidscoloringhouse.github.io/images/fun-count-and-color-objects-worksheet-for-grade-1-4719.jpg,Homeschool Math,03/19/2026 04:36:00 PM
Free Counting Objects Worksheet For Kindergarten Printable - Part 15 | Printable Practice,Help kids master Counting Objects with this printable worksheet for Kindergarten. Great for daily math practice.,https://mathworksheetkidscoloringhouse.github.io/html/free-counting-objects-worksheet-for-kindergarten-printable-part-15-6944.html,https://mathworksheetkidscoloringhouse.github.io/images/free-counting-objects-worksheet-for-kindergarten-printable-part-15-6944.jpg,Elementary Math Activities,03/19/2026 08:31:00 PM
Free 26 Division Math Worksheet For Grade 2 - Part 16 | Printable Practice,Printable Division worksheet designed for Grade 2 students. Easy and fun math practice.,https://mathworksheetkidscoloringhouse.github.io/html/free-26-division-math-worksheet-for-grade-2-part-16-1165.html,https://mathworksheetkidscoloringhouse.github.io/images/free-26-division-math-worksheet-for-grade-2-part-16-1165.jpg,Elementary Math Activities,03/20/2026 08:27:00 AM
Ultimate Mathematics Problem Set Worksheet (4 Questions),Help kids master Math with this printable worksheet for Math. Great for daily math practice.,https://mathworksheetkidscoloringhouse.github.io/html/ultimate-mathematics-problem-set-worksheet-4-questions-2907.html,https://mathworksheetkidscoloringhouse.github.io/images/ultimate-mathematics-problem-set-worksheet-4-questions-2907.jpg,Homeschool Math,03/20/2026 11:01:00 AM
Missing Number Math Worksheet,Printable Missing Number worksheet designed for Grade 1 students. Easy and fun math practice.,https://mathworksheetkidscoloringhouse.github.io/html/missing-number-math-worksheet-5248.html,https://mathworksheetkidscoloringhouse.github.io/images/missing-number-math-worksheet-5248.jpg,Kids Math Worksheets,03/20/2026 01:30:00 PM
Mixed Operations Math Worksheet,Fun and engaging Mixed Operations worksheet for Grade 3. Perfect printable math practice.,https://mathworksheetkidscoloringhouse.github.io/html/mixed-operations-math-worksheet-4854.html,https://mathworksheetkidscoloringhouse.github.io/images/mixed-operations-math-worksheet-4854.jpg,Homeschool Math,03/20/2026 04:29:00 PM
Free 18 Multiplication Math Worksheet For Grade 2 With Answers - Part 20 | Printable Practice,Printable Multiplication worksheet designed for Grade 2 students. Easy and fun math practice.,https://mathworksheetkidscoloringhouse.github.io/html/free-18-multiplication-math-worksheet-for-grade-2-with-answers-part-20-1532.html,https://mathworksheetkidscoloringhouse.github.io/images/free-18-multiplication-math-worksheet-for-grade-2-with-answers-part-20-1532.jpg,Math Practice Printables,03/20/2026 08:38:00 PM
Free 25 Subtraction Math Worksheet For Grade 2 - Part 21 | Printable Practice,Printable Subtraction worksheet designed for Grade 2 students. Easy and fun math practice.,https://mathworksheetkidscoloringhouse.github.io/html/free-25-subtraction-math-worksheet-for-grade-2-part-21-2394.html,https://mathworksheetkidscoloringhouse.github.io/images/free-25-subtraction-math-worksheet-for-grade-2-part-21-2394.jpg,Elementary Math Activities,03/21/2026 08:37:00 AM
8 Times Table Worksheet For Grade 3 With Answers - Part 22 | Printable Practice,Help kids master Times Table with this printable worksheet for Grade 3. Great for daily math practice.,https://mathworksheetkidscoloringhouse.github.io/html/8-times-table-worksheet-for-grade-3-with-answers-part-22-3330.html,https://mathworksheetkidscoloringhouse.github.io/images/8-times-table-worksheet-for-grade-3-with-answers-part-22-3330.jpg,Math Practice Printables,03/21/2026 11:05:00 AM
Printable Tracing Worksheet For Kids - Part 23 | Free Printable,Teachers and parents love this Tracing worksheet for Preschool. Download and print instantly.,https://mathworksheetkidscoloringhouse.github.io/html/printable-tracing-worksheet-for-kids-part-23-6666.html,https://mathworksheetkidscoloringhouse.github.io/images/printable-tracing-worksheet-for-kids-part-23-6666.jpg,Printable Worksheets,03/21/2026 01:27:00 PM
Math Word Problem Worksheet,Free printable Word Problem worksheet for Grade 3. Perfect for homeschool practice and classroom activities.,https://mathworksheetkidscoloringhouse.github.io/html/math-word-problem-worksheet-3678.html,https://mathworksheetkidscoloringhouse.github.io/images/math-word-problem-worksheet-3678.jpg,Homeschool Math,03/21/2026 04:22:00 PM
Free 10 Addition Math Worksheet For Grade 3 - Part 25 | Printable Practice,Teachers and parents love this Addition worksheet for Grade 3. Download and print instantly.,https://mathworksheetkidscoloringhouse.github.io/html/free-10-addition-math-worksheet-for-grade-3-part-25-9722.html,https://mathworksheetkidscoloringhouse.github.io/images/free-10-addition-math-worksheet-for-grade-3-part-25-9722.jpg,Printable Worksheets,03/21/2026 08:38:00 PM
Fun Count and Color Objects Worksheet for Preschool,Help kids master Count and Color with this printable worksheet for Preschool. Great for daily math practice.,https://mathworksheetkidscoloringhouse.github.io/html/fun-count-and-color-objects-worksheet-for-preschool-4128.html,https://mathworksheetkidscoloringhouse.github.io/images/fun-count-and-color-objects-worksheet-for-preschool-4128.jpg,Printable Worksheets,03/22/2026 08:34:00 AM
Free Counting Objects Worksheet For Pre-K - Part 27 | Printable Practice,Teachers and parents love this Counting Objects worksheet for Pre-K. Download and print instantly.,https://mathworksheetkidscoloringhouse.github.io/html/free-counting-objects-worksheet-for-pre-k-part-27-6087.html,https://mathworksheetkidscoloringhouse.github.io/images/free-counting-objects-worksheet-for-pre-k-part-27-6087.jpg,Homeschool Math,03/22/2026 11:01:00 AM
Printable Free 17 Division Math Worksheet For Grade 1 - Part 28 | Printable Practice,Help kids master Division with this printable worksheet for Grade 1. Great for daily math practice.,https://mathworksheetkidscoloringhouse.github.io/html/printable-free-17-division-math-worksheet-for-grade-1-part-28-7503.html,https://mathworksheetkidscoloringhouse.github.io/images/printable-free-17-division-math-worksheet-for-grade-1-part-28-7503.jpg,Kids Math Worksheets,03/22/2026 01:27:00 PM
8 Math Quiz Quiz Worksheet for Students,Free printable Math worksheet for Math. Perfect for homeschool practice and classroom activities.,https://mathworksheetkidscoloringhouse.github.io/html/8-math-quiz-quiz-worksheet-for-students-8894.html,https://mathworksheetkidscoloringhouse.github.io/images/8-math-quiz-quiz-worksheet-for-students-8894.jpg,Printable Worksheets,03/22/2026 04:35:00 PM
Missing Number Math Worksheet,Teachers and parents love this Missing Number worksheet for Grade 1. Download and print instantly.,https://mathworksheetkidscoloringhouse.github.io/html/missing-number-math-worksheet-8148.html,https://mathworksheetkidscoloringhouse.github.io/images/missing-number-math-worksheet-8148.jpg,Homeschool Math,03/22/2026 08:37:00 PM
Mixed Operations Math Worksheet,Teachers and parents love this Mixed Operations worksheet for Grade 3. Download and print instantly.,https://mathworksheetkidscoloringhouse.github.io/html/mixed-operations-math-worksheet-4269.html,https://mathworksheetkidscoloringhouse.github.io/images/mixed-operations-math-worksheet-4269.jpg,Math Practice Printables,03/23/2026 08:35:00 AM
Printable Free 27 Multiplication Math Worksheet For Grade 1 - Part 32 | Printable Practice,Help kids master Multiplication with this printable worksheet for Grade 1. Great for daily math practice.,https://mathworksheetkidscoloringhouse.github.io/html/printable-free-27-multiplication-math-worksheet-for-grade-1-part-32-5819.html,https://mathworksheetkidscoloringhouse.github.io/images/printable-free-27-multiplication-math-worksheet-for-grade-1-part-32-5819.jpg,Elementary Math Activities,03/23/2026 11:01:00 AM
Free 13 Subtraction Math Worksheet For Grade 5 - Part 33 | Printable Practice,Teachers and parents love this Subtraction worksheet for Grade 5. Download and print instantly.,https://mathworksheetkidscoloringhouse.github.io/html/free-13-subtraction-math-worksheet-for-grade-5-part-33-2159.html,https://mathworksheetkidscoloringhouse.github.io/images/free-13-subtraction-math-worksheet-for-grade-5-part-33-2159.jpg,Elementary Math Activities,03/23/2026 01:33:00 PM
4 Times Table Worksheet For Grade 2 - Part 34 | Printable Practice,Help kids master Times Table with this printable worksheet for Grade 2. Great for daily math practice.,https://mathworksheetkidscoloringhouse.github.io/html/4-times-table-worksheet-for-grade-2-part-34-5262.html,https://mathworksheetkidscoloringhouse.github.io/images/4-times-table-worksheet-for-grade-2-part-34-5262.jpg,Math Practice Printables,03/23/2026 04:38:00 PM
Printable Tracing Worksheet For Kids - Part 35 | Free Printable,Free printable Tracing worksheet for Preschool. Perfect for homeschool practice and classroom activities.,https://mathworksheetkidscoloringhouse.github.io/html/printable-tracing-worksheet-for-kids-part-35-5611.html,https://mathworksheetkidscoloringhouse.github.io/images/printable-tracing-worksheet-for-kids-part-35-5611.jpg,Math Practice Printables,03/23/2026 08:24:00 PM
Math Word Problem Worksheet,Printable Word Problem worksheet designed for Grade 3 students. Easy and fun math practice.,https://mathworksheetkidscoloringhouse.github.io/html/math-word-problem-worksheet-1089.html,https://mathworksheetkidscoloringhouse.github.io/images/math-word-problem-worksheet-1089.jpg,Printable Worksheets,03/24/2026 08:28:00 AM
Free 23 Addition Math Worksheet For Grade 1 - Part 37 | Printable Practice,Help kids master Addition with this printable worksheet for Grade 1. Great for daily math practice.,https://mathworksheetkidscoloringhouse.github.io/html/free-23-addition-math-worksheet-for-grade-1-part-37-5713.html,https://mathworksheetkidscoloringhouse.github.io/images/free-23-addition-math-worksheet-for-grade-1-part-37-5713.jpg,Printable Worksheets,03/24/2026 11:07:00 AM
Grade 1 Count and Color Shapes Worksheet,Printable Count and Color worksheet designed for Grade 1 students. Easy and fun math practice.,https://mathworksheetkidscoloringhouse.github.io/html/grade-1-count-and-color-shapes-worksheet-5985.html,https://mathworksheetkidscoloringhouse.github.io/images/grade-1-count-and-color-shapes-worksheet-5985.jpg,Kids Math Worksheets,03/24/2026 01:26:00 PM
Free Counting Objects Worksheet For Pre-K - Part 39 | Printable Practice,Help kids master Counting Objects with this printable worksheet for Pre-K. Great for daily math practice.,https://mathworksheetkidscoloringhouse.github.io/html/free-counting-objects-worksheet-for-pre-k-part-39-8571.html,https://mathworksheetkidscoloringhouse.github.io/images/free-counting-objects-worksheet-for-pre-k-part-39-8571.jpg,Elementary Math Activities,03/24/2026 04:24:00 PM
Grade 2 Division Practice Worksheet (27 Problems) - Part 40 | Printable Practice,Fun and engaging Division worksheet for Grade 2. Perfect printable math practice.,https://mathworksheetkidscoloringhouse.github.io/html/grade-2-division-practice-worksheet-27-problems-part-40-5614.html,https://mathworksheetkidscoloringhouse.github.io/images/grade-2-division-practice-worksheet-27-problems-part-40-5614.jpg,Kids Math Worksheets,03/24/2026 08:35:00 PM
4 Mathematics Practice Practice Worksheet,Free printable Math worksheet for Math. Perfect for homeschool practice and classroom activities.,https://mathworksheetkidscoloringhouse.github.io/html/4-mathematics-practice-practice-worksheet-2918.html,https://mathworksheetkidscoloringhouse.github.io/images/4-mathematics-practice-practice-worksheet-2918.jpg,Math Practice Printables,03/25/2026 08:35:00 AM
Missing Number Math Worksheet,Help kids master Missing Number with this printable worksheet for Grade 1. Great for daily math practice.,https://mathworksheetkidscoloringhouse.github.io/html/missing-number-math-worksheet-9189.html,https://mathworksheetkidscoloringhouse.github.io/images/missing-number-math-worksheet-9189.jpg,Printable Worksheets,03/25/2026 11:07:00 AM
Mixed Operations Math Worksheet,Free printable Mixed Operations worksheet for Grade 3. Perfect for homeschool practice and classroom activities.,https://mathworksheetkidscoloringhouse.github.io/html/mixed-operations-math-worksheet-3693.html,https://mathworksheetkidscoloringhouse.github.io/images/mixed-operations-math-worksheet-3693.jpg,Kids Math Worksheets,03/25/2026 01:32:00 PM
Free 13 Multiplication Math Worksheet For Grade 2 With Answers - Part 44 | Printable Practice,Teachers and parents love this Multiplication worksheet for Grade 2. Download and print instantly.,https://mathworksheetkidscoloringhouse.github.io/html/free-13-multiplication-math-worksheet-for-grade-2-with-answers-part-44-3701.html,https://mathworksheetkidscoloringhouse.github.io/images/free-13-multiplication-math-worksheet-for-grade-2-with-answers-part-44-3701.jpg,Kids Math Worksheets,03/25/2026 04:28:00 PM
Free 24 Subtraction Math Worksheet For Grade 5 - Part 45 | Printable Practice,Free printable Subtraction worksheet for Grade 5. Perfect for homeschool practice and classroom activities.,https://mathworksheetkidscoloringhouse.github.io/html/free-24-subtraction-math-worksheet-for-grade-5-part-45-6015.html,https://mathworksheetkidscoloringhouse.github.io/images/free-24-subtraction-math-worksheet-for-grade-5-part-45-6015.jpg,Printable Worksheets,03/25/2026 08:30:00 PM
6 Times Table Worksheet For Grade 3 - Part 46 | Printable Practice,Free printable Times Table worksheet for Grade 3. Perfect for homeschool practice and classroom activities.,https://mathworksheetkidscoloringhouse.github.io/html/6-times-table-worksheet-for-grade-3-part-46-3489.html,https://mathworksheetkidscoloringhouse.github.io/images/6-times-table-worksheet-for-grade-3-part-46-3489.jpg,Kids Math Worksheets,03/26/2026 08:26:00 AM
Printable Tracing Worksheet For Kids - Part 47 | Free Printable,Fun and engaging Tracing worksheet for Kindergarten. Perfect printable math practice.,https://mathworksheetkidscoloringhouse.github.io/html/printable-tracing-worksheet-for-kids-part-47-3893.html,https://mathworksheetkidscoloringhouse.github.io/images/printable-tracing-worksheet-for-kids-part-47-3893.jpg,Printable Worksheets,03/26/2026 11:00:00 AM
Math Word Problem Worksheet,Printable Word Problem worksheet designed for Grade 3 students. Easy and fun math practice.,https://mathworksheetkidscoloringhouse.github.io/html/math-word-problem-worksheet-9096.html,https://mathworksheetkidscoloringhouse.github.io/images/math-word-problem-worksheet-9096.jpg,Printable Worksheets,03/26/2026 01:35:00 PM
Grade 1 Addition Practice Worksheet (10 Problems) - Part 49 | Printable Practice,Teachers and parents love this Addition worksheet for Grade 1. Download and print instantly.,https://mathworksheetkidscoloringhouse.github.io/html/grade-1-addition-practice-worksheet-10-problems-part-49-7878.html,https://mathworksheetkidscoloringhouse.github.io/images/grade-1-addition-practice-worksheet-10-problems-part-49-7878.jpg,Printable Worksheets,03/26/2026 04:22:00 PM
Grade 1 Count and Color Shapes Worksheet,Free printable Count and Color worksheet for Grade 1. Perfect for homeschool practice and classroom activities.,https://mathworksheetkidscoloringhouse.github.io/html/grade-1-count-and-color-shapes-worksheet-5008.html,https://mathworksheetkidscoloringhouse.github.io/images/grade-1-count-and-color-shapes-worksheet-5008.jpg,Homeschool Math,03/26/2026 08:30:00 PM
Learn Counting With Pictures Worksheet (Pre-K) - Part 51 | Printable Practice,Teachers and parents love this Counting Objects worksheet for Pre-K. Download and print instantly.,https://mathworksheetkidscoloringhouse.github.io/html/learn-counting-with-pictures-worksheet-pre-k-part-51-4397.html,https://mathworksheetkidscoloringhouse.github.io/images/learn-counting-with-pictures-worksheet-pre-k-part-51-4397.jpg,Math Practice Printables,03/27/2026 08:38:00 AM
Printable Free 27 Division Math Worksheet For Grade 1 - Part 52 | Printable Practice,Teachers and parents love this Division worksheet for Grade 1. Download and print instantly.,https://mathworksheetkidscoloringhouse.github.io/html/printable-free-27-division-math-worksheet-for-grade-1-part-52-2793.html,https://mathworksheetkidscoloringhouse.github.io/images/printable-free-27-division-math-worksheet-for-grade-1-part-52-2793.jpg,Math Practice Printables,03/27/2026 11:00:00 AM
8 Math Questions Practice Worksheet,Fun and engaging Math worksheet for Math. Perfect printable math practice.,https://mathworksheetkidscoloringhouse.github.io/html/8-math-questions-practice-worksheet-7013.html,https://mathworksheetkidscoloringhouse.github.io/images/8-math-questions-practice-worksheet-7013.jpg,Printable Worksheets,03/27/2026 01:35:00 PM
Missing Number Math Worksheet,Help kids master Missing Number with this printable worksheet for Grade 1. Great for daily math practice.,https://mathworksheetkidscoloringhouse.github.io/html/missing-number-math-worksheet-9319.html,https://mathworksheetkidscoloringhouse.github.io/images/missing-number-math-worksheet-9319.jpg,Math Practice Printables,03/27/2026 04:29:00 PM
Mixed Operations Math Worksheet,Fun and engaging Mixed Operations worksheet for Grade 3. Perfect printable math practice.,https://mathworksheetkidscoloringhouse.github.io/html/mixed-operations-math-worksheet-1497.html,https://mathworksheetkidscoloringhouse.github.io/images/mixed-operations-math-worksheet-1497.jpg,Math Practice Printables,03/27/2026 08:22:00 PM
Printable Free 23 Multiplication Math Worksheet For Grade 1 - Part 56 | Printable Practice,Help kids master Multiplication with this printable worksheet for Grade 1. Great for daily math practice.,https://mathworksheetkidscoloringhouse.github.io/html/printable-free-23-multiplication-math-worksheet-for-grade-1-part-56-8630.html,https://mathworksheetkidscoloringhouse.github.io/images/printable-free-23-multiplication-math-worksheet-for-grade-1-part-56-8630.jpg,Math Practice Printables,03/28/2026 08:28:00 AM
Grade 2 Subtraction Practice Worksheet (17 Problems) - Part 57 | Printable Practice,Free printable Subtraction worksheet for Grade 2. Perfect for homeschool practice and classroom activities.,https://mathworksheetkidscoloringhouse.github.io/html/grade-2-subtraction-practice-worksheet-17-problems-part-57-4987.html,https://mathworksheetkidscoloringhouse.github.io/images/grade-2-subtraction-practice-worksheet-17-problems-part-57-4987.jpg,Kids Math Worksheets,03/28/2026 11:00:00 AM
3 Times Table Worksheet For Grade 2 - Part 58 | Printable Practice,Free printable Times Table worksheet for Grade 2. Perfect for homeschool practice and classroom activities.,https://mathworksheetkidscoloringhouse.github.io/html/3-times-table-worksheet-for-grade-2-part-58-6919.html,https://mathworksheetkidscoloringhouse.github.io/images/3-times-table-worksheet-for-grade-2-part-58-6919.jpg,Kids Math Worksheets,03/28/2026 01:24:00 PM
Printable Tracing Worksheet For Kids - Part 59 | Free Printable,Teachers and parents love this Tracing worksheet for Kindergarten. Download and print instantly.,https://mathworksheetkidscoloringhouse.github.io/html/printable-tracing-worksheet-for-kids-part-59-9113.html,https://mathworksheetkidscoloringhouse.github.io/images/printable-tracing-worksheet-for-kids-part-59-9113.jpg,Kids Math Worksheets,03/28/2026 04:32:00 PM
Math Word Problem Worksheet,Help kids master Word Problem with this printable worksheet for Grade 3. Great for daily math practice.,https://mathworksheetkidscoloringhouse.github.io/html/math-word-problem-worksheet-7087.html,https://mathworksheetkidscoloringhouse.github.io/images/math-word-problem-worksheet-7087.jpg,Homeschool Math,03/28/2026 08:33:00 PM
Grade 1 Addition Practice Worksheet (28 Problems) - Part 61 | Printable Practice,Free printable Addition worksheet for Grade 1. Perfect for homeschool practice and classroom activities.,https://mathworksheetkidscoloringhouse.github.io/html/grade-1-addition-practice-worksheet-28-problems-part-61-4086.html,https://mathworksheetkidscoloringhouse.github.io/images/grade-1-addition-practice-worksheet-28-problems-part-61-4086.jpg,Elementary Math Activities,03/29/2026 08:30:00 AM
Free Preschool Count and Color Worksheet,Fun and engaging Count and Color worksheet for Preschool. Perfect printable math practice.,https://mathworksheetkidscoloringhouse.github.io/html/free-preschool-count-and-color-worksheet-6169.html,https://mathworksheetkidscoloringhouse.github.io/images/free-preschool-count-and-color-worksheet-6169.jpg,Elementary Math Activities,03/29/2026 11:00:00 AM
Kindergarten Count The Objects Worksheet - Part 63 | Printable Practice,Fun and engaging Counting Objects worksheet for Kindergarten. Perfect printable math practice.,https://mathworksheetkidscoloringhouse.github.io/html/kindergarten-count-the-objects-worksheet-part-63-9677.html,https://mathworksheetkidscoloringhouse.github.io/images/kindergarten-count-the-objects-worksheet-part-63-9677.jpg,Elementary Math Activities,03/29/2026 01:23:00 PM
Printable Free 27 Division Math Worksheet For Grade 2 - Part 64 | Printable Practice,Fun and engaging Division worksheet for Grade 2. Perfect printable math practice.,https://mathworksheetkidscoloringhouse.github.io/html/printable-free-27-division-math-worksheet-for-grade-2-part-64-5576.html,https://mathworksheetkidscoloringhouse.github.io/images/printable-free-27-division-math-worksheet-for-grade-2-part-64-5576.jpg,Homeschool Math,03/29/2026 04:30:00 PM
4 Math Challenge Quiz Worksheet for Math Learners,Help kids master Math with this printable worksheet for Math. Great for daily math practice.,https://mathworksheetkidscoloringhouse.github.io/html/4-math-challenge-quiz-worksheet-for-math-learners-2410.html,https://mathworksheetkidscoloringhouse.github.io/images/4-math-challenge-quiz-worksheet-for-math-learners-2410.jpg,Kids Math Worksheets,03/29/2026 08:35:00 PM
Missing Number Math Worksheet,Printable Missing Number worksheet designed for Grade 1 students. Easy and fun math practice.,https://mathworksheetkidscoloringhouse.github.io/html/missing-number-math-worksheet-5454.html,https://mathworksheetkidscoloringhouse.github.io/images/missing-number-math-worksheet-5454.jpg,Kids Math Worksheets,03/30/2026 08:29:00 AM
Mixed Operations Math Worksheet,Teachers and parents love this Mixed Operations worksheet for Grade 3. Download and print instantly.,https://mathworksheetkidscoloringhouse.github.io/html/mixed-operations-math-worksheet-9823.html,https://mathworksheetkidscoloringhouse.github.io/images/mixed-operations-math-worksheet-9823.jpg,Elementary Math Activities,03/30/2026 11:04:00 AM
Printable Free 12 Multiplication Math Worksheet For Grade 2 - Part 68 | Printable Practice,Printable Multiplication worksheet designed for Grade 2 students. Easy and fun math practice.,https://mathworksheetkidscoloringhouse.github.io/html/printable-free-12-multiplication-math-worksheet-for-grade-2-part-68-2873.html,https://mathworksheetkidscoloringhouse.github.io/images/printable-free-12-multiplication-math-worksheet-for-grade-2-part-68-2873.jpg,Math Practice Printables,03/30/2026 01:31:00 PM
Grade 5 Subtraction Practice Worksheet (19 Problems) - Part 69 | Printable Practice,Help kids master Subtraction with this printable worksheet for Grade 5. Great for daily math practice.,https://mathworksheetkidscoloringhouse.github.io/html/grade-5-subtraction-practice-worksheet-19-problems-part-69-3896.html,https://mathworksheetkidscoloringhouse.github.io/images/grade-5-subtraction-practice-worksheet-19-problems-part-69-3896.jpg,Printable Worksheets,03/30/2026 04:22:00 PM
2 Times Table Worksheet For Grade 2 - Part 70 | Printable Practice,Printable Times Table worksheet designed for Grade 2 students. Easy and fun math practice.,https://mathworksheetkidscoloringhouse.github.io/html/2-times-table-worksheet-for-grade-2-part-70-5966.html,https://mathworksheetkidscoloringhouse.github.io/images/2-times-table-worksheet-for-grade-2-part-70-5966.jpg,Kids Math Worksheets,03/30/2026 08:26:00 PM
Printable Tracing Worksheet For Kids - Part 71 | Free Printable,Fun and engaging Tracing worksheet for Kindergarten. Perfect printable math practice.,https://mathworksheetkidscoloringhouse.github.io/html/printable-tracing-worksheet-for-kids-part-71-5967.html,https://mathworksheetkidscoloringhouse.github.io/images/printable-tracing-worksheet-for-kids-part-71-5967.jpg,Elementary Math Activities,03/31/2026 08:29:00 AM
Math Word Problem Worksheet,Fun and engaging Word Problem worksheet for Grade 3. Perfect printable math practice.,https://mathworksheetkidscoloringhouse.github.io/html/math-word-problem-worksheet-9554.html,https://mathworksheetkidscoloringhouse.github.io/images/math-word-problem-worksheet-9554.jpg,Homeschool Math,03/31/2026 11:00:00 AM
Free 16 Addition Math Worksheet For Grade 5 With Answers - Part 73 | Printable Practice,Help kids master Addition with this printable worksheet for Grade 5. Great for daily math practice.,https://mathworksheetkidscoloringhouse.github.io/html/free-16-addition-math-worksheet-for-grade-5-with-answers-part-73-4782.html,https://mathworksheetkidscoloringhouse.github.io/images/free-16-addition-math-worksheet-for-grade-5-with-answers-part-73-4782.jpg,Math Practice Printables,03/31/2026 01:27:00 PM
3 Free Count and Color Worksheets for Kindergarten,Printable Count and Color worksheet designed for Kindergarten students. Easy and fun math practice.,https://mathworksheetkidscoloringhouse.github.io/html/3-free-count-and-color-worksheets-for-kindergarten-7597.html,https://mathworksheetkidscoloringhouse.github.io/images/3-free-count-and-color-worksheets-for-kindergarten-7597.jpg,Math Practice Printables,03/31/2026 04:29:00 PM
Free Counting Objects Worksheet For Kindergarten Printable - Part 75 | Printable Practice,Free printable Counting Objects worksheet for Kindergarten. Perfect for homeschool practice and classroom activities.,https://mathworksheetkidscoloringhouse.github.io/html/free-counting-objects-worksheet-for-kindergarten-printable-part-75-3094.html,https://mathworksheetkidscoloringhouse.github.io/images/free-counting-objects-worksheet-for-kindergarten-printable-part-75-3094.jpg,Elementary Math Activities,03/31/2026 08:22:00 PM
Free 19 Division Math Worksheet For Grade 2 With Answers - Part 76 | Printable Practice,Printable Division worksheet designed for Grade 2 students. Easy and fun math practice.,https://mathworksheetkidscoloringhouse.github.io/html/free-19-division-math-worksheet-for-grade-2-with-answers-part-76-1014.html,https://mathworksheetkidscoloringhouse.github.io/images/free-19-division-math-worksheet-for-grade-2-with-answers-part-76-1014.jpg,Kids Math Worksheets,04/01/2026 08:36:00 AM
Challenging Math Quiz for Students (4 Questions),Printable Math worksheet designed for Math students. Easy and fun math practice.,https://mathworksheetkidscoloringhouse.github.io/html/challenging-math-quiz-for-students-4-questions-2040.html,https://mathworksheetkidscoloringhouse.github.io/images/challenging-math-quiz-for-students-4-questions-2040.jpg,Homeschool Math,04/01/2026 11:01:00 AM
Missing Number Math Worksheet,Teachers and parents love this Missing Number worksheet for Grade 1. Download and print instantly.,https://mathworksheetkidscoloringhouse.github.io/html/missing-number-math-worksheet-9939.html,https://mathworksheetkidscoloringhouse.github.io/images/missing-number-math-worksheet-9939.jpg,Math Practice Printables,04/01/2026 01:30:00 PM
Mixed Operations Math Worksheet,Teachers and parents love this Mixed Operations worksheet for Grade 3. Download and print instantly.,https://mathworksheetkidscoloringhouse.github.io/html/mixed-operations-math-worksheet-7574.html,https://mathworksheetkidscoloringhouse.github.io/images/mixed-operations-math-worksheet-7574.jpg,Elementary Math Activities,04/01/2026 04:23:00 PM
Free 13 Multiplication Math Worksheet For Grade 2 - Part 80 | Printable Practice,Printable Multiplication worksheet designed for Grade 2 students. Easy and fun math practice.,https://mathworksheetkidscoloringhouse.github.io/html/free-13-multiplication-math-worksheet-for-grade-2-part-80-6103.html,https://mathworksheetkidscoloringhouse.github.io/images/free-13-multiplication-math-worksheet-for-grade-2-part-80-6103.jpg,Printable Worksheets,04/01/2026 08:38:00 PM
Grade 2 Subtraction Practice Worksheet (22 Problems) - Part 81 | Printable Practice,Free printable Subtraction worksheet for Grade 2. Perfect for homeschool practice and classroom activities.,https://mathworksheetkidscoloringhouse.github.io/html/grade-2-subtraction-practice-worksheet-22-problems-part-81-3851.html,https://mathworksheetkidscoloringhouse.github.io/images/grade-2-subtraction-practice-worksheet-22-problems-part-81-3851.jpg,Homeschool Math,04/02/2026 08:37:00 AM
Grade 4 Multiplication Table 11 Practice - Part 82 | Printable Practice,Printable Times Table worksheet designed for Grade 4 students. Easy and fun math practice.,https://mathworksheetkidscoloringhouse.github.io/html/grade-4-multiplication-table-11-practice-part-82-5097.html,https://mathworksheetkidscoloringhouse.github.io/images/grade-4-multiplication-table-11-practice-part-82-5097.jpg,Math Practice Printables,04/02/2026 11:00:00 AM
Printable Tracing Worksheet For Kids - Part 83 | Free Printable,Printable Tracing worksheet designed for Preschool students. Easy and fun math practice.,https://mathworksheetkidscoloringhouse.github.io/html/printable-tracing-worksheet-for-kids-part-83-9283.html,https://mathworksheetkidscoloringhouse.github.io/images/printable-tracing-worksheet-for-kids-part-83-9283.jpg,Elementary Math Activities,04/02/2026 01:27:00 PM
Math Word Problem Worksheet,Free printable Word Problem worksheet for Grade 3. Perfect for homeschool practice and classroom activities.,https://mathworksheetkidscoloringhouse.github.io/html/math-word-problem-worksheet-9647.html,https://mathworksheetkidscoloringhouse.github.io/images/math-word-problem-worksheet-9647.jpg,Math Practice Printables,04/02/2026 04:38:00 PM
Grade 1 Addition Practice Worksheet (27 Problems) - Part 85 | Printable Practice,Printable Addition worksheet designed for Grade 1 students. Easy and fun math practice.,https://mathworksheetkidscoloringhouse.github.io/html/grade-1-addition-practice-worksheet-27-problems-part-85-3129.html,https://mathworksheetkidscoloringhouse.github.io/images/grade-1-addition-practice-worksheet-27-problems-part-85-3129.jpg,Math Practice Printables,04/02/2026 08:31:00 PM
Preschool Count and Color Shapes Worksheet,Help kids master Count and Color with this printable worksheet for Preschool. Great for daily math practice.,https://mathworksheetkidscoloringhouse.github.io/html/preschool-count-and-color-shapes-worksheet-9295.html,https://mathworksheetkidscoloringhouse.github.io/images/preschool-count-and-color-shapes-worksheet-9295.jpg,Elementary Math Activities,04/03/2026 08:33:00 AM
Pre-K Count The Objects Worksheet - Part 87 | Printable Practice,Printable Counting Objects worksheet designed for Pre-K students. Easy and fun math practice.,https://mathworksheetkidscoloringhouse.github.io/html/pre-k-count-the-objects-worksheet-part-87-6592.html,https://mathworksheetkidscoloringhouse.github.io/images/pre-k-count-the-objects-worksheet-part-87-6592.jpg,Homeschool Math,04/03/2026 11:03:00 AM
Free 29 Division Math Worksheet For Grade 2 - Part 88 | Printable Practice,Teachers and parents love this Division worksheet for Grade 2. Download and print instantly.,https://mathworksheetkidscoloringhouse.github.io/html/free-29-division-math-worksheet-for-grade-2-part-88-3161.html,https://mathworksheetkidscoloringhouse.github.io/images/free-29-division-math-worksheet-for-grade-2-part-88-3161.jpg,Kids Math Worksheets,04/03/2026 01:33:00 PM
Advanced Mathematics Practice Training Worksheet,Help kids master Math with this printable worksheet for Math. Great for daily math practice.,https://mathworksheetkidscoloringhouse.github.io/html/advanced-mathematics-practice-training-worksheet-7134.html,https://mathworksheetkidscoloringhouse.github.io/images/advanced-mathematics-practice-training-worksheet-7134.jpg,Homeschool Math,04/03/2026 04:22:00 PM
Missing Number Math Worksheet,Printable Missing Number worksheet designed for Grade 1 students. Easy and fun math practice.,https://mathworksheetkidscoloringhouse.github.io/html/missing-number-math-worksheet-6653.html,https://mathworksheetkidscoloringhouse.github.io/images/missing-number-math-worksheet-6653.jpg,Math Practice Printables,04/03/2026 08:24:00 PM
Mixed Operations Math Worksheet,Free printable Mixed Operations worksheet for Grade 3. Perfect for homeschool practice and classroom activities.,https://mathworksheetkidscoloringhouse.github.io/html/mixed-operations-math-worksheet-7157.html,https://mathworksheetkidscoloringhouse.github.io/images/mixed-operations-math-worksheet-7157.jpg,Math Practice Printables,04/04/2026 08:32:00 AM
Printable Free 22 Multiplication Math Worksheet For Grade 1 - Part 92 | Printable Practice,Help kids master Multiplication with this printable worksheet for Grade 1. Great for daily math practice.,https://mathworksheetkidscoloringhouse.github.io/html/printable-free-22-multiplication-math-worksheet-for-grade-1-part-92-9062.html,https://mathworksheetkidscoloringhouse.github.io/images/printable-free-22-multiplication-math-worksheet-for-grade-1-part-92-9062.jpg,Homeschool Math,04/04/2026 11:02:00 AM
Printable Free 28 Subtraction Math Worksheet For Grade 3 - Part 93 | Printable Practice,Printable Subtraction worksheet designed for Grade 3 students. Easy and fun math practice.,https://mathworksheetkidscoloringhouse.github.io/html/printable-free-28-subtraction-math-worksheet-for-grade-3-part-93-9868.html,https://mathworksheetkidscoloringhouse.github.io/images/printable-free-28-subtraction-math-worksheet-for-grade-3-part-93-9868.jpg,Math Practice Printables,04/04/2026 01:22:00 PM
9 Times Table Worksheet For Grade 3 With Answers - Part 94 | Printable Practice,Fun and engaging Times Table worksheet for Grade 3. Perfect printable math practice.,https://mathworksheetkidscoloringhouse.github.io/html/9-times-table-worksheet-for-grade-3-with-answers-part-94-3560.html,https://mathworksheetkidscoloringhouse.github.io/images/9-times-table-worksheet-for-grade-3-with-answers-part-94-3560.jpg,Elementary Math Activities,04/04/2026 04:33:00 PM
Printable Tracing Worksheet For Kids - Part 95 | Free Printable,Printable Tracing worksheet designed for Preschool students. Easy and fun math practice.,https://mathworksheetkidscoloringhouse.github.io/html/printable-tracing-worksheet-for-kids-part-95-1201.html,https://mathworksheetkidscoloringhouse.github.io/images/printable-tracing-worksheet-for-kids-part-95-1201.jpg,Math Practice Printables,04/04/2026 08:28:00 PM
Math Word Problem Worksheet,Printable Word Problem worksheet designed for Grade 3 students. Easy and fun math practice.,https://mathworksheetkidscoloringhouse.github.io/html/math-word-problem-worksheet-2120.html,https://mathworksheetkidscoloringhouse.github.io/images/math-word-problem-worksheet-2120.jpg,Printable Worksheets,04/05/2026 08:27:00 AM
Free 28 Addition Math Worksheet For Grade 1 - Part 97 | Printable Practice,Fun and engaging Addition worksheet for Grade 1. Perfect printable math practice.,https://mathworksheetkidscoloringhouse.github.io/html/free-28-addition-math-worksheet-for-grade-1-part-97-1655.html,https://mathworksheetkidscoloringhouse.github.io/images/free-28-addition-math-worksheet-for-grade-1-part-97-1655.jpg,Kids Math Worksheets,04/05/2026 11:08:00 AM
Printable Count and Color Worksheet for Grade 1 Kids,Fun and engaging Count and Color worksheet for Grade 1. Perfect printable math practice.,https://mathworksheetkidscoloringhouse.github.io/html/printable-count-and-color-worksheet-for-grade-1-kids-9778.html,https://mathworksheetkidscoloringhouse.github.io/images/printable-count-and-color-worksheet-for-grade-1-kids-9778.jpg,Elementary Math Activities,04/05/2026 01:22:00 PM
Free Counting Objects Worksheet For Pre-K - Part 99 | Printable Practice,Teachers and parents love this Counting Objects worksheet for Pre-K. Download and print instantly.,https://mathworksheetkidscoloringhouse.github.io/html/free-counting-objects-worksheet-for-pre-k-part-99-3456.html,https://mathworksheetkidscoloringhouse.github.io/images/free-counting-objects-worksheet-for-pre-k-part-99-3456.jpg,Kids Math Worksheets,04/05/2026 04:26:00 PM
Printable Free 20 Division Math Worksheet For Grade 1 - Part 100 | Printable Practice,Free printable Division worksheet for Grade 1. Perfect for homeschool practice and classroom activities.,https://mathworksheetkidscoloringhouse.github.io/html/printable-free-20-division-math-worksheet-for-grade-1-part-100-3271.html,https://mathworksheetkidscoloringhouse.github.io/images/printable-free-20-division-math-worksheet-for-grade-1-part-100-3271.jpg,Math Practice Printables,04/05/2026 08:28:00 PM
4 Mathematics Quiz Quiz Worksheet,Printable Math worksheet designed for Math students. Easy and fun math practice.,https://mathworksheetkidscoloringhouse.github.io/html/4-mathematics-quiz-quiz-worksheet-4435.html,https://mathworksheetkidscoloringhouse.github.io/images/4-mathematics-quiz-quiz-worksheet-4435.jpg,Kids Math Worksheets,04/06/2026 08:34:00 AM
Missing Number Math Worksheet,Fun and engaging Missing Number worksheet for Grade 1. Perfect printable math practice.,https://mathworksheetkidscoloringhouse.github.io/html/missing-number-math-worksheet-6367.html,https://mathworksheetkidscoloringhouse.github.io/images/missing-number-math-worksheet-6367.jpg,Printable Worksheets,04/06/2026 11:06:00 AM
Mixed Operations Math Worksheet,Printable Mixed Operations worksheet designed for Grade 3 students. Easy and fun math practice.,https://mathworksheetkidscoloringhouse.github.io/html/mixed-operations-math-worksheet-5279.html,https://mathworksheetkidscoloringhouse.github.io/images/mixed-operations-math-worksheet-5279.jpg,Elementary Math Activities,04/06/2026 01:35:00 PM
Grade 2 Multiplication Practice Worksheet (27 Problems) - Part 104 | Printable Practice,Printable Multiplication worksheet designed for Grade 2 students. Easy and fun math practice.,https://mathworksheetkidscoloringhouse.github.io/html/grade-2-multiplication-practice-worksheet-27-problems-part-104-1843.html,https://mathworksheetkidscoloringhouse.github.io/images/grade-2-multiplication-practice-worksheet-27-problems-part-104-1843.jpg,Elementary Math Activities,04/06/2026 04:37:00 PM
Free 23 Subtraction Math Worksheet For Grade 2 With Answers - Part 105 | Printable Practice,Free printable Subtraction worksheet for Grade 2. Perfect for homeschool practice and classroom activities.,https://mathworksheetkidscoloringhouse.github.io/html/free-23-subtraction-math-worksheet-for-grade-2-with-answers-part-105-6009.html,https://mathworksheetkidscoloringhouse.github.io/images/free-23-subtraction-math-worksheet-for-grade-2-with-answers-part-105-6009.jpg,Homeschool Math,04/06/2026 08:26:00 PM
Printable 12 Times Table Worksheet For Grade 4 - Part 106 | Printable Practice,Printable Times Table worksheet designed for Grade 4 students. Easy and fun math practice.,https://mathworksheetkidscoloringhouse.github.io/html/printable-12-times-table-worksheet-for-grade-4-part-106-7446.html,https://mathworksheetkidscoloringhouse.github.io/images/printable-12-times-table-worksheet-for-grade-4-part-106-7446.jpg,Kids Math Worksheets,04/07/2026 08:23:00 AM
Printable Tracing Worksheet For Kids - Part 107 | Free Printable,Printable Tracing worksheet designed for Kindergarten students. Easy and fun math practice.,https://mathworksheetkidscoloringhouse.github.io/html/printable-tracing-worksheet-for-kids-part-107-9058.html,https://mathworksheetkidscoloringhouse.github.io/images/printable-tracing-worksheet-for-kids-part-107-9058.jpg,Elementary Math Activities,04/07/2026 11:00:00 AM
Math Word Problem Worksheet,Free printable Word Problem worksheet for Grade 3. Perfect for homeschool practice and classroom activities.,https://mathworksheetkidscoloringhouse.github.io/html/math-word-problem-worksheet-6196.html,https://mathworksheetkidscoloringhouse.github.io/images/math-word-problem-worksheet-6196.jpg,Printable Worksheets,04/07/2026 01:31:00 PM
Free 18 Addition Math Worksheet For Grade 1 - Part 109 | Printable Practice,Teachers and parents love this Addition worksheet for Grade 1. Download and print instantly.,https://mathworksheetkidscoloringhouse.github.io/html/free-18-addition-math-worksheet-for-grade-1-part-109-3528.html,https://mathworksheetkidscoloringhouse.github.io/images/free-18-addition-math-worksheet-for-grade-1-part-109-3528.jpg,Kids Math Worksheets,04/07/2026 04:24:00 PM
Fun Count and Color Objects Worksheet for Preschool,Free printable Count and Color worksheet for Preschool. Perfect for homeschool practice and classroom activities.,https://mathworksheetkidscoloringhouse.github.io/html/fun-count-and-color-objects-worksheet-for-preschool-6179.html,https://mathworksheetkidscoloringhouse.github.io/images/fun-count-and-color-objects-worksheet-for-preschool-6179.jpg,Homeschool Math,04/07/2026 08:38:00 PM
Learn Counting With Pictures Worksheet (Kindergarten) - Part 111 | Printable Practice,Help kids master Counting Objects with this printable worksheet for Kindergarten. Great for daily math practice.,https://mathworksheetkidscoloringhouse.github.io/html/learn-counting-with-pictures-worksheet-kindergarten-part-111-8821.html,https://mathworksheetkidscoloringhouse.github.io/images/learn-counting-with-pictures-worksheet-kindergarten-part-111-8821.jpg,Kids Math Worksheets,04/08/2026 08:25:00 AM
Free 13 Division Math Worksheet For Grade 2 - Part 112 | Printable Practice,Help kids master Division with this printable worksheet for Grade 2. Great for daily math practice.,https://mathworksheetkidscoloringhouse.github.io/html/free-13-division-math-worksheet-for-grade-2-part-112-1837.html,https://mathworksheetkidscoloringhouse.github.io/images/free-13-division-math-worksheet-for-grade-2-part-112-1837.jpg,Elementary Math Activities,04/08/2026 11:01:00 AM
4 Math Knowledge Test for Teens,Free printable Math worksheet for Math. Perfect for homeschool practice and classroom activities.,https://mathworksheetkidscoloringhouse.github.io/html/4-math-knowledge-test-for-teens-8290.html,https://mathworksheetkidscoloringhouse.github.io/images/4-math-knowledge-test-for-teens-8290.jpg,Math Practice Printables,04/08/2026 01:34:00 PM
Missing Number Math Worksheet,Free printable Missing Number worksheet for Grade 1. Perfect for homeschool practice and classroom activities.,https://mathworksheetkidscoloringhouse.github.io/html/missing-number-math-worksheet-3476.html,https://mathworksheetkidscoloringhouse.github.io/images/missing-number-math-worksheet-3476.jpg,Math Practice Printables,04/08/2026 04:24:00 PM
Mixed Operations Math Worksheet,Free printable Mixed Operations worksheet for Grade 3. Perfect for homeschool practice and classroom activities.,https://mathworksheetkidscoloringhouse.github.io/html/mixed-operations-math-worksheet-8290.html,https://mathworksheetkidscoloringhouse.github.io/images/mixed-operations-math-worksheet-8290.jpg,Printable Worksheets,04/08/2026 08:25:00 PM
Printable Free 22 Multiplication Math Worksheet For Grade 2 - Part 116 | Printable Practice,Help kids master Multiplication with this printable worksheet for Grade 2. Great for daily math practice.,https://mathworksheetkidscoloringhouse.github.io/html/printable-free-22-multiplication-math-worksheet-for-grade-2-part-116-9458.html,https://mathworksheetkidscoloringhouse.github.io/images/printable-free-22-multiplication-math-worksheet-for-grade-2-part-116-9458.jpg,Kids Math Worksheets,04/09/2026 08:31:00 AM
Free 29 Subtraction Math Worksheet For Grade 5 With Answers - Part 117 | Printable Practice,Fun and engaging Subtraction worksheet for Grade 5. Perfect printable math practice.,https://mathworksheetkidscoloringhouse.github.io/html/free-29-subtraction-math-worksheet-for-grade-5-with-answers-part-117-4472.html,https://mathworksheetkidscoloringhouse.github.io/images/free-29-subtraction-math-worksheet-for-grade-5-with-answers-part-117-4472.jpg,Elementary Math Activities,04/09/2026 11:03:00 AM
Grade 3 Multiplication Table 9 Practice - Part 118 | Printable Practice,Free printable Times Table worksheet for Grade 3. Perfect for homeschool practice and classroom activities.,https://mathworksheetkidscoloringhouse.github.io/html/grade-3-multiplication-table-9-practice-part-118-4667.html,https://mathworksheetkidscoloringhouse.github.io/images/grade-3-multiplication-table-9-practice-part-118-4667.jpg,Homeschool Math,04/09/2026 01:27:00 PM
Printable Tracing Worksheet For Kids - Part 119 | Free Printable,Teachers and parents love this Tracing worksheet for Kindergarten. Download and print instantly.,https://mathworksheetkidscoloringhouse.github.io/html/printable-tracing-worksheet-for-kids-part-119-7812.html,https://mathworksheetkidscoloringhouse.github.io/images/printable-tracing-worksheet-for-kids-part-119-7812.jpg,Elementary Math Activities,04/09/2026 04:29:00 PM
Math Word Problem Worksheet,Printable Word Problem worksheet designed for Grade 3 students. Easy and fun math practice.,https://mathworksheetkidscoloringhouse.github.io/html/math-word-problem-worksheet-8558.html,https://mathworksheetkidscoloringhouse.github.io/images/math-word-problem-worksheet-8558.jpg,Homeschool Math,04/09/2026 08:32:00 PM
Free 23 Addition Math Worksheet For Grade 1 - Part 121 | Printable Practice,Free printable Addition worksheet for Grade 1. Perfect for homeschool practice and classroom activities.,https://mathworksheetkidscoloringhouse.github.io/html/free-23-addition-math-worksheet-for-grade-1-part-121-8368.html,https://mathworksheetkidscoloringhouse.github.io/images/free-23-addition-math-worksheet-for-grade-1-part-121-8368.jpg,Printable Worksheets,04/10/2026 08:36:00 AM
Printable Count and Color Worksheet for Grade 1 Kids,Free printable Count and Color worksheet for Grade 1. Perfect for homeschool practice and classroom activities.,https://mathworksheetkidscoloringhouse.github.io/html/printable-count-and-color-worksheet-for-grade-1-kids-3118.html,https://mathworksheetkidscoloringhouse.github.io/images/printable-count-and-color-worksheet-for-grade-1-kids-3118.jpg,Printable Worksheets,04/10/2026 11:07:00 AM
Free Counting Objects Worksheet For Pre-K - Part 123 | Printable Practice,Fun and engaging Counting Objects worksheet for Pre-K. Perfect printable math practice.,https://mathworksheetkidscoloringhouse.github.io/html/free-counting-objects-worksheet-for-pre-k-part-123-5108.html,https://mathworksheetkidscoloringhouse.github.io/images/free-counting-objects-worksheet-for-pre-k-part-123-5108.jpg,Homeschool Math,04/10/2026 01:30:00 PM
Grade 2 Division Practice Worksheet (18 Problems) - Part 124 | Printable Practice,Teachers and parents love this Division worksheet for Grade 2. Download and print instantly.,https://mathworksheetkidscoloringhouse.github.io/html/grade-2-division-practice-worksheet-18-problems-part-124-8652.html,https://mathworksheetkidscoloringhouse.github.io/images/grade-2-division-practice-worksheet-18-problems-part-124-8652.jpg,Elementary Math Activities,04/10/2026 04:31:00 PM
8 Math Knowledge Test Practice Worksheet,Free printable Math worksheet for Math. Perfect for homeschool practice and classroom activities.,https://mathworksheetkidscoloringhouse.github.io/html/8-math-knowledge-test-practice-worksheet-3707.html,https://mathworksheetkidscoloringhouse.github.io/images/8-math-knowledge-test-practice-worksheet-3707.jpg,Kids Math Worksheets,04/10/2026 08:24:00 PM
Missing Number Math Worksheet,Free printable Missing Number worksheet for Grade 1. Perfect for homeschool practice and classroom activities.,https://mathworksheetkidscoloringhouse.github.io/html/missing-number-math-worksheet-1818.html,https://mathworksheetkidscoloringhouse.github.io/images/missing-number-math-worksheet-1818.jpg,Elementary Math Activities,04/11/2026 08:37:00 AM
Mixed Operations Math Worksheet,Printable Mixed Operations worksheet designed for Grade 3 students. Easy and fun math practice.,https://mathworksheetkidscoloringhouse.github.io/html/mixed-operations-math-worksheet-2291.html,https://mathworksheetkidscoloringhouse.github.io/images/mixed-operations-math-worksheet-2291.jpg,Homeschool Math,04/11/2026 11:04:00 AM
Grade 1 Multiplication Practice Worksheet (30 Problems) - Part 128 | Printable Practice,Free printable Multiplication worksheet for Grade 1. Perfect for homeschool practice and classroom activities.,https://mathworksheetkidscoloringhouse.github.io/html/grade-1-multiplication-practice-worksheet-30-problems-part-128-7692.html,https://mathworksheetkidscoloringhouse.github.io/images/grade-1-multiplication-practice-worksheet-30-problems-part-128-7692.jpg,Math Practice Printables,04/11/2026 01:26:00 PM
Printable Free 21 Subtraction Math Worksheet For Grade 2 - Part 129 | Printable Practice,Free printable Subtraction worksheet for Grade 2. Perfect for homeschool practice and classroom activities.,https://mathworksheetkidscoloringhouse.github.io/html/printable-free-21-subtraction-math-worksheet-for-grade-2-part-129-3547.html,https://mathworksheetkidscoloringhouse.github.io/images/printable-free-21-subtraction-math-worksheet-for-grade-2-part-129-3547.jpg,Printable Worksheets,04/11/2026 04:27:00 PM
7 Times Table Worksheet For Grade 3 - Part 130 | Printable Practice,Teachers and parents love this Times Table worksheet for Grade 3. Download and print instantly.,https://mathworksheetkidscoloringhouse.github.io/html/7-times-table-worksheet-for-grade-3-part-130-9052.html,https://mathworksheetkidscoloringhouse.github.io/images/7-times-table-worksheet-for-grade-3-part-130-9052.jpg,Homeschool Math,04/11/2026 08:27:00 PM
Printable Tracing Worksheet For Kids - Part 131 | Free Printable,Teachers and parents love this Tracing worksheet for Preschool. Download and print instantly.,https://mathworksheetkidscoloringhouse.github.io/html/printable-tracing-worksheet-for-kids-part-131-4858.html,https://mathworksheetkidscoloringhouse.github.io/images/printable-tracing-worksheet-for-kids-part-131-4858.jpg,Kids Math Worksheets,04/12/2026 08:22:00 AM
Math Word Problem Worksheet,Printable Word Problem worksheet designed for Grade 3 students. Easy and fun math practice.,https://mathworksheetkidscoloringhouse.github.io/html/math-word-problem-worksheet-5719.html,https://mathworksheetkidscoloringhouse.github.io/images/math-word-problem-worksheet-5719.jpg,Kids Math Worksheets,04/12/2026 11:00:00 AM
Free 14 Addition Math Worksheet For Grade 1 - Part 133 | Printable Practice,Fun and engaging Addition worksheet for Grade 1. Perfect printable math practice.,https://mathworksheetkidscoloringhouse.github.io/html/free-14-addition-math-worksheet-for-grade-1-part-133-2484.html,https://mathworksheetkidscoloringhouse.github.io/images/free-14-addition-math-worksheet-for-grade-1-part-133-2484.jpg,Elementary Math Activities,04/12/2026 01:26:00 PM
Free Grade 1 Count and Color Worksheet,Fun and engaging Count and Color worksheet for Grade 1. Perfect printable math practice.,https://mathworksheetkidscoloringhouse.github.io/html/free-grade-1-count-and-color-worksheet-9220.html,https://mathworksheetkidscoloringhouse.github.io/images/free-grade-1-count-and-color-worksheet-9220.jpg,Kids Math Worksheets,04/12/2026 04:36:00 PM
Free Counting Objects Worksheet For Kindergarten - Part 135 | Printable Practice,Help kids master Counting Objects with this printable worksheet for Kindergarten. Great for daily math practice.,https://mathworksheetkidscoloringhouse.github.io/html/free-counting-objects-worksheet-for-kindergarten-part-135-7003.html,https://mathworksheetkidscoloringhouse.github.io/images/free-counting-objects-worksheet-for-kindergarten-part-135-7003.jpg,Printable Worksheets,04/12/2026 08:24:00 PM
Free 22 Division Math Worksheet For Grade 2 - Part 136 | Printable Practice,Printable Division worksheet designed for Grade 2 students. Easy and fun math practice.,https://mathworksheetkidscoloringhouse.github.io/html/free-22-division-math-worksheet-for-grade-2-part-136-9209.html,https://mathworksheetkidscoloringhouse.github.io/images/free-22-division-math-worksheet-for-grade-2-part-136-9209.jpg,Math Practice Printables,04/13/2026 08:37:00 AM
4 Math Knowledge Test for Students,Printable Math worksheet designed for Math students. Easy and fun math practice.,https://mathworksheetkidscoloringhouse.github.io/html/4-math-knowledge-test-for-students-4684.html,https://mathworksheetkidscoloringhouse.github.io/images/4-math-knowledge-test-for-students-4684.jpg,Elementary Math Activities,04/13/2026 11:00:00 AM
Missing Number Math Worksheet,Printable Missing Number worksheet designed for Grade 1 students. Easy and fun math practice.,https://mathworksheetkidscoloringhouse.github.io/html/missing-number-math-worksheet-2097.html,https://mathworksheetkidscoloringhouse.github.io/images/missing-number-math-worksheet-2097.jpg,Elementary Math Activities,04/13/2026 01:34:00 PM
Mixed Operations Math Worksheet,Teachers and parents love this Mixed Operations worksheet for Grade 3. Download and print instantly.,https://mathworksheetkidscoloringhouse.github.io/html/mixed-operations-math-worksheet-7471.html,https://mathworksheetkidscoloringhouse.github.io/images/mixed-operations-math-worksheet-7471.jpg,Kids Math Worksheets,04/13/2026 04:27:00 PM
Printable Free 30 Multiplication Math Worksheet For Grade 1 - Part 140 | Printable Practice,Printable Multiplication worksheet designed for Grade 1 students. Easy and fun math practice.,https://mathworksheetkidscoloringhouse.github.io/html/printable-free-30-multiplication-math-worksheet-for-grade-1-part-140-7237.html,https://mathworksheetkidscoloringhouse.github.io/images/printable-free-30-multiplication-math-worksheet-for-grade-1-part-140-7237.jpg,Printable Worksheets,04/13/2026 08:31:00 PM
Free 29 Subtraction Math Worksheet For Grade 2 - Part 141 | Printable Practice,Printable Subtraction worksheet designed for Grade 2 students. Easy and fun math practice.,https://mathworksheetkidscoloringhouse.github.io/html/free-29-subtraction-math-worksheet-for-grade-2-part-141-4332.html,https://mathworksheetkidscoloringhouse.github.io/images/free-29-subtraction-math-worksheet-for-grade-2-part-141-4332.jpg,Printable Worksheets,04/14/2026 08:34:00 AM
2 Times Table Worksheet For Grade 2 With Answers - Part 142 | Printable Practice,Free printable Times Table worksheet for Grade 2. Perfect for homeschool practice and classroom activities.,https://mathworksheetkidscoloringhouse.github.io/html/2-times-table-worksheet-for-grade-2-with-answers-part-142-4882.html,https://mathworksheetkidscoloringhouse.github.io/images/2-times-table-worksheet-for-grade-2-with-answers-part-142-4882.jpg,Printable Worksheets,04/14/2026 11:03:00 AM
Printable Tracing Worksheet For Kids - Part 143 | Free Printable,Free printable Tracing worksheet for Preschool. Perfect for homeschool practice and classroom activities.,https://mathworksheetkidscoloringhouse.github.io/html/printable-tracing-worksheet-for-kids-part-143-4396.html,https://mathworksheetkidscoloringhouse.github.io/images/printable-tracing-worksheet-for-kids-part-143-4396.jpg,Math Practice Printables,04/14/2026 01:31:00 PM
Math Word Problem Worksheet,Fun and engaging Word Problem worksheet for Grade 3. Perfect printable math practice.,https://mathworksheetkidscoloringhouse.github.io/html/math-word-problem-worksheet-8891.html,https://mathworksheetkidscoloringhouse.github.io/images/math-word-problem-worksheet-8891.jpg,Kids Math Worksheets,04/14/2026 04:26:00 PM
Grade 5 Addition Practice Worksheet (30 Problems) - Part 145 | Printable Practice,Printable Addition worksheet designed for Grade 5 students. Easy and fun math practice.,https://mathworksheetkidscoloringhouse.github.io/html/grade-5-addition-practice-worksheet-30-problems-part-145-8818.html,https://mathworksheetkidscoloringhouse.github.io/images/grade-5-addition-practice-worksheet-30-problems-part-145-8818.jpg,Math Practice Printables,04/14/2026 08:22:00 PM
"Count and Color Apple, Triangle, Flower Worksheet for Kids",Fun and engaging Count and Color worksheet for Preschool. Perfect printable math practice.,https://mathworksheetkidscoloringhouse.github.io/html/count-and-color-apple-triangle-flower-worksheet-for-kids-4325.html,https://mathworksheetkidscoloringhouse.github.io/images/count-and-color-apple-triangle-flower-worksheet-for-kids-4325.jpg,Kids Math Worksheets,04/15/2026 08:26:00 AM
Kindergarten Count The Objects Worksheet - Part 147 | Printable Practice,Teachers and parents love this Counting Objects worksheet for Kindergarten. Download and print instantly.,https://mathworksheetkidscoloringhouse.github.io/html/kindergarten-count-the-objects-worksheet-part-147-6810.html,https://mathworksheetkidscoloringhouse.github.io/images/kindergarten-count-the-objects-worksheet-part-147-6810.jpg,Math Practice Printables,04/15/2026 11:00:00 AM
Free 24 Division Math Worksheet For Grade 2 - Part 148 | Printable Practice,Help kids master Division with this printable worksheet for Grade 2. Great for daily math practice.,https://mathworksheetkidscoloringhouse.github.io/html/free-24-division-math-worksheet-for-grade-2-part-148-6215.html,https://mathworksheetkidscoloringhouse.github.io/images/free-24-division-math-worksheet-for-grade-2-part-148-6215.jpg,Math Practice Printables,04/15/2026 01:31:00 PM
Printable Mathematics Quiz Worksheet (4 Questions),Fun and engaging Math worksheet for Math. Perfect printable math practice.,https://mathworksheetkidscoloringhouse.github.io/html/printable-mathematics-quiz-worksheet-4-questions-7290.html,https://mathworksheetkidscoloringhouse.github.io/images/printable-mathematics-quiz-worksheet-4-questions-7290.jpg,Elementary Math Activities,04/15/2026 04:34:00 PM
Missing Number Math Worksheet,Free printable Missing Number worksheet for Grade 1. Perfect for homeschool practice and classroom activities.,https://mathworksheetkidscoloringhouse.github.io/html/missing-number-math-worksheet-5856.html,https://mathworksheetkidscoloringhouse.github.io/images/missing-number-math-worksheet-5856.jpg,Kids Math Worksheets,04/15/2026 08:22:00 PM
Mixed Operations Math Worksheet,Fun and engaging Mixed Operations worksheet for Grade 3. Perfect printable math practice.,https://mathworksheetkidscoloringhouse.github.io/html/mixed-operations-math-worksheet-2110.html,https://mathworksheetkidscoloringhouse.github.io/images/mixed-operations-math-worksheet-2110.jpg,Printable Worksheets,04/16/2026 08:24:00 AM
Grade 1 Multiplication Practice Worksheet (12 Problems) - Part 152 | Printable Practice,Free printable Multiplication worksheet for Grade 1. Perfect for homeschool practice and classroom activities.,https://mathworksheetkidscoloringhouse.github.io/html/grade-1-multiplication-practice-worksheet-12-problems-part-152-5236.html,https://mathworksheetkidscoloringhouse.github.io/images/grade-1-multiplication-practice-worksheet-12-problems-part-152-5236.jpg,Homeschool Math,04/16/2026 11:00:00 AM
Free 25 Subtraction Math Worksheet For Grade 3 With Answers - Part 153 | Printable Practice,Free printable Subtraction worksheet for Grade 3. Perfect for homeschool practice and classroom activities.,https://mathworksheetkidscoloringhouse.github.io/html/free-25-subtraction-math-worksheet-for-grade-3-with-answers-part-153-9929.html,https://mathworksheetkidscoloringhouse.github.io/images/free-25-subtraction-math-worksheet-for-grade-3-with-answers-part-153-9929.jpg,Printable Worksheets,04/16/2026 01:23:00 PM
11 Times Table Worksheet For Grade 4 With Answers - Part 154 | Printable Practice,Fun and engaging Times Table worksheet for Grade 4. Perfect printable math practice.,https://mathworksheetkidscoloringhouse.github.io/html/11-times-table-worksheet-for-grade-4-with-answers-part-154-8488.html,https://mathworksheetkidscoloringhouse.github.io/images/11-times-table-worksheet-for-grade-4-with-answers-part-154-8488.jpg,Printable Worksheets,04/16/2026 04:27:00 PM
Printable Tracing Worksheet For Kids - Part 155 | Free Printable,Help kids master Tracing with this printable worksheet for Preschool. Great for daily math practice.,https://mathworksheetkidscoloringhouse.github.io/html/printable-tracing-worksheet-for-kids-part-155-6602.html,https://mathworksheetkidscoloringhouse.github.io/images/printable-tracing-worksheet-for-kids-part-155-6602.jpg,Homeschool Math,04/16/2026 08:30:00 PM
Math Word Problem Worksheet,Teachers and parents love this Word Problem worksheet for Grade 3. Download and print instantly.,https://mathworksheetkidscoloringhouse.github.io/html/math-word-problem-worksheet-8209.html,https://mathworksheetkidscoloringhouse.github.io/images/math-word-problem-worksheet-8209.jpg,Printable Worksheets,04/17/2026 08:33:00 AM
Printable Free 18 Addition Math Worksheet For Grade 3 - Part 157 | Printable Practice,Free printable Addition worksheet for Grade 3. Perfect for homeschool practice and classroom activities.,https://mathworksheetkidscoloringhouse.github.io/html/printable-free-18-addition-math-worksheet-for-grade-3-part-157-2991.html,https://mathworksheetkidscoloringhouse.github.io/images/printable-free-18-addition-math-worksheet-for-grade-3-part-157-2991.jpg,Math Practice Printables,04/17/2026 11:00:00 AM
3 Free Count and Color Worksheets for Grade 1,Free printable Count and Color worksheet for Grade 1. Perfect for homeschool practice and classroom activities.,https://mathworksheetkidscoloringhouse.github.io/html/3-free-count-and-color-worksheets-for-grade-1-3982.html,https://mathworksheetkidscoloringhouse.github.io/images/3-free-count-and-color-worksheets-for-grade-1-3982.jpg,Elementary Math Activities,04/17/2026 01:23:00 PM
Free Counting Objects Worksheet For Kindergarten - Part 159 | Printable Practice,Fun and engaging Counting Objects worksheet for Kindergarten. Perfect printable math practice.,https://mathworksheetkidscoloringhouse.github.io/html/free-counting-objects-worksheet-for-kindergarten-part-159-3831.html,https://mathworksheetkidscoloringhouse.github.io/images/free-counting-objects-worksheet-for-kindergarten-part-159-3831.jpg,Elementary Math Activities,04/17/2026 04:37:00 PM
Grade 2 Division Practice Worksheet (24 Problems) - Part 160 | Printable Practice,Printable Division worksheet designed for Grade 2 students. Easy and fun math practice.,https://mathworksheetkidscoloringhouse.github.io/html/grade-2-division-practice-worksheet-24-problems-part-160-2817.html,https://mathworksheetkidscoloringhouse.github.io/images/grade-2-division-practice-worksheet-24-problems-part-160-2817.jpg,Homeschool Math,04/17/2026 08:37:00 PM
8 Math Trivia Training Worksheet,Free printable Math worksheet for Math. Perfect for homeschool practice and classroom activities.,https://mathworksheetkidscoloringhouse.github.io/html/8-math-trivia-training-worksheet-9301.html,https://mathworksheetkidscoloringhouse.github.io/images/8-math-trivia-training-worksheet-9301.jpg,Kids Math Worksheets,04/18/2026 08:33:00 AM
Missing Number Math Worksheet,Printable Missing Number worksheet designed for Grade 1 students. Easy and fun math practice.,https://mathworksheetkidscoloringhouse.github.io/html/missing-number-math-worksheet-4511.html,https://mathworksheetkidscoloringhouse.github.io/images/missing-number-math-worksheet-4511.jpg,Homeschool Math,04/18/2026 11:00:00 AM
Mixed Operations Math Worksheet,Fun and engaging Mixed Operations worksheet for Grade 3. Perfect printable math practice.,https://mathworksheetkidscoloringhouse.github.io/html/mixed-operations-math-worksheet-6396.html,https://mathworksheetkidscoloringhouse.github.io/images/mixed-operations-math-worksheet-6396.jpg,Elementary Math Activities,04/18/2026 01:37:00 PM
Grade 2 Multiplication Practice Worksheet (23 Problems) - Part 164 | Printable Practice,Printable Multiplication worksheet designed for Grade 2 students. Easy and fun math practice.,https://mathworksheetkidscoloringhouse.github.io/html/grade-2-multiplication-practice-worksheet-23-problems-part-164-9750.html,https://mathworksheetkidscoloringhouse.github.io/images/grade-2-multiplication-practice-worksheet-23-problems-part-164-9750.jpg,Elementary Math Activities,04/18/2026 04:29:00 PM
Grade 3 Subtraction Practice Worksheet (24 Problems) - Part 165 | Printable Practice,Printable Subtraction worksheet designed for Grade 3 students. Easy and fun math practice.,https://mathworksheetkidscoloringhouse.github.io/html/grade-3-subtraction-practice-worksheet-24-problems-part-165-2956.html,https://mathworksheetkidscoloringhouse.github.io/images/grade-3-subtraction-practice-worksheet-24-problems-part-165-2956.jpg,Kids Math Worksheets,04/18/2026 08:35:00 PM
5 Times Table Worksheet For Grade 2 With Answers - Part 166 | Printable Practice,Teachers and parents love this Times Table worksheet for Grade 2. Download and print instantly.,https://mathworksheetkidscoloringhouse.github.io/html/5-times-table-worksheet-for-grade-2-with-answers-part-166-6427.html,https://mathworksheetkidscoloringhouse.github.io/images/5-times-table-worksheet-for-grade-2-with-answers-part-166-6427.jpg,Kids Math Worksheets,04/19/2026 08:37:00 AM
Printable Tracing Worksheet For Kids - Part 167 | Free Printable,Fun and engaging Tracing worksheet for Preschool. Perfect printable math practice.,https://mathworksheetkidscoloringhouse.github.io/html/printable-tracing-worksheet-for-kids-part-167-5956.html,https://mathworksheetkidscoloringhouse.github.io/images/printable-tracing-worksheet-for-kids-part-167-5956.jpg,Elementary Math Activities,04/19/2026 11:01:00 AM
Math Word Problem Worksheet,Free printable Word Problem worksheet for Grade 3. Perfect for homeschool practice and classroom activities.,https://mathworksheetkidscoloringhouse.github.io/html/math-word-problem-worksheet-3186.html,https://mathworksheetkidscoloringhouse.github.io/images/math-word-problem-worksheet-3186.jpg,Kids Math Worksheets,04/19/2026 01:29:00 PM
Free 24 Addition Math Worksheet For Grade 1 - Part 169 | Printable Practice,Printable Addition worksheet designed for Grade 1 students. Easy and fun math practice.,https://mathworksheetkidscoloringhouse.github.io/html/free-24-addition-math-worksheet-for-grade-1-part-169-3311.html,https://mathworksheetkidscoloringhouse.github.io/images/free-24-addition-math-worksheet-for-grade-1-part-169-3311.jpg,Math Practice Printables,04/19/2026 04:28:00 PM
Free Preschool Count and Color Worksheet,Fun and engaging Count and Color worksheet for Preschool. Perfect printable math practice.,https://mathworksheetkidscoloringhouse.github.io/html/free-preschool-count-and-color-worksheet-3293.html,https://mathworksheetkidscoloringhouse.github.io/images/free-preschool-count-and-color-worksheet-3293.jpg,Elementary Math Activities,04/19/2026 08:36:00 PM
Learn Counting With Pictures Worksheet (Pre-K) - Part 171 | Printable Practice,Teachers and parents love this Counting Objects worksheet for Pre-K. Download and print instantly.,https://mathworksheetkidscoloringhouse.github.io/html/learn-counting-with-pictures-worksheet-pre-k-part-171-3025.html,https://mathworksheetkidscoloringhouse.github.io/images/learn-counting-with-pictures-worksheet-pre-k-part-171-3025.jpg,Kids Math Worksheets,04/20/2026 08:34:00 AM
Grade 1 Division Practice Worksheet (23 Problems) - Part 172 | Printable Practice,Printable Division worksheet designed for Grade 1 students. Easy and fun math practice.,https://mathworksheetkidscoloringhouse.github.io/html/grade-1-division-practice-worksheet-23-problems-part-172-3797.html,https://mathworksheetkidscoloringhouse.github.io/images/grade-1-division-practice-worksheet-23-problems-part-172-3797.jpg,Homeschool Math,04/20/2026 11:02:00 AM
4 Mathematics Quiz Test Worksheet,Teachers and parents love this Math worksheet for Math. Download and print instantly.,https://mathworksheetkidscoloringhouse.github.io/html/4-mathematics-quiz-test-worksheet-7225.html,https://mathworksheetkidscoloringhouse.github.io/images/4-mathematics-quiz-test-worksheet-7225.jpg,Homeschool Math,04/20/2026 01:23:00 PM
Missing Number Math Worksheet,Teachers and parents love this Missing Number worksheet for Grade 1. Download and print instantly.,https://mathworksheetkidscoloringhouse.github.io/html/missing-number-math-worksheet-2105.html,https://mathworksheetkidscoloringhouse.github.io/images/missing-number-math-worksheet-2105.jpg,Math Practice Printables,04/20/2026 04:31:00 PM
Mixed Operations Math Worksheet,Fun and engaging Mixed Operations worksheet for Grade 3. Perfect printable math practice.,https://mathworksheetkidscoloringhouse.github.io/html/mixed-operations-math-worksheet-5467.html,https://mathworksheetkidscoloringhouse.github.io/images/mixed-operations-math-worksheet-5467.jpg,Elementary Math Activities,04/20/2026 08:22:00 PM
Free 25 Multiplication Math Worksheet For Grade 1 With Answers - Part 176 | Printable Practice,Fun and engaging Multiplication worksheet for Grade 1. Perfect printable math practice.,https://mathworksheetkidscoloringhouse.github.io/html/free-25-multiplication-math-worksheet-for-grade-1-with-answers-part-176-9189.html,https://mathworksheetkidscoloringhouse.github.io/images/free-25-multiplication-math-worksheet-for-grade-1-with-answers-part-176-9189.jpg,Math Practice Printables,04/21/2026 08:23:00 AM
Printable Free 20 Subtraction Math Worksheet For Grade 5 - Part 177 | Printable Practice,Teachers and parents love this Subtraction worksheet for Grade 5. Download and print instantly.,https://mathworksheetkidscoloringhouse.github.io/html/printable-free-20-subtraction-math-worksheet-for-grade-5-part-177-4489.html,https://mathworksheetkidscoloringhouse.github.io/images/printable-free-20-subtraction-math-worksheet-for-grade-5-part-177-4489.jpg,Elementary Math Activities,04/21/2026 11:07:00 AM
Printable 5 Times Table Worksheet For Grade 2 - Part 178 | Printable Practice,Teachers and parents love this Times Table worksheet for Grade 2. Download and print instantly.,https://mathworksheetkidscoloringhouse.github.io/html/printable-5-times-table-worksheet-for-grade-2-part-178-1160.html,https://mathworksheetkidscoloringhouse.github.io/images/printable-5-times-table-worksheet-for-grade-2-part-178-1160.jpg,Elementary Math Activities,04/21/2026 01:27:00 PM
Printable Tracing Worksheet For Kids - Part 179 | Free Printable,Free printable Tracing worksheet for Preschool. Perfect for homeschool practice and classroom activities.,https://mathworksheetkidscoloringhouse.github.io/html/printable-tracing-worksheet-for-kids-part-179-5721.html,https://mathworksheetkidscoloringhouse.github.io/images/printable-tracing-worksheet-for-kids-part-179-5721.jpg,Elementary Math Activities,04/21/2026 04:26:00 PM
Math Word Problem Worksheet,Fun and engaging Word Problem worksheet for Grade 3. Perfect printable math practice.,https://mathworksheetkidscoloringhouse.github.io/html/math-word-problem-worksheet-5754.html,https://mathworksheetkidscoloringhouse.github.io/images/math-word-problem-worksheet-5754.jpg,Math Practice Printables,04/21/2026 08:32:00 PM
Grade 5 Addition Practice Worksheet (18 Problems) - Part 181 | Printable Practice,Printable Addition worksheet designed for Grade 5 students. Easy and fun math practice.,https://mathworksheetkidscoloringhouse.github.io/html/grade-5-addition-practice-worksheet-18-problems-part-181-2045.html,https://mathworksheetkidscoloringhouse.github.io/images/grade-5-addition-practice-worksheet-18-problems-part-181-2045.jpg,Printable Worksheets,04/22/2026 08:26:00 AM
"Count and Color Flower, Circle, Circle Worksheet for Kids",Teachers and parents love this Count and Color worksheet for Preschool. Download and print instantly.,https://mathworksheetkidscoloringhouse.github.io/html/count-and-color-flower-circle-circle-worksheet-for-kids-8332.html,https://mathworksheetkidscoloringhouse.github.io/images/count-and-color-flower-circle-circle-worksheet-for-kids-8332.jpg,Math Practice Printables,04/22/2026 11:00:00 AM
Kindergarten Count The Objects Worksheet - Part 183 | Printable Practice,Help kids master Counting Objects with this printable worksheet for Kindergarten. Great for daily math practice.,https://mathworksheetkidscoloringhouse.github.io/html/kindergarten-count-the-objects-worksheet-part-183-8387.html,https://mathworksheetkidscoloringhouse.github.io/images/kindergarten-count-the-objects-worksheet-part-183-8387.jpg,Elementary Math Activities,04/22/2026 01:30:00 PM
Grade 2 Division Practice Worksheet (12 Problems) - Part 184 | Printable Practice,Free printable Division worksheet for Grade 2. Perfect for homeschool practice and classroom activities.,https://mathworksheetkidscoloringhouse.github.io/html/grade-2-division-practice-worksheet-12-problems-part-184-5422.html,https://mathworksheetkidscoloringhouse.github.io/images/grade-2-division-practice-worksheet-12-problems-part-184-5422.jpg,Kids Math Worksheets,04/22/2026 04:26:00 PM
7 Mathematics Quiz Practice Worksheet,Help kids master Math with this printable worksheet for Math. Great for daily math practice.,https://mathworksheetkidscoloringhouse.github.io/html/7-mathematics-quiz-practice-worksheet-6980.html,https://mathworksheetkidscoloringhouse.github.io/images/7-mathematics-quiz-practice-worksheet-6980.jpg,Printable Worksheets,04/22/2026 08:32:00 PM
Missing Number Math Worksheet,Printable Missing Number worksheet designed for Grade 1 students. Easy and fun math practice.,https://mathworksheetkidscoloringhouse.github.io/html/missing-number-math-worksheet-6726.html,https://mathworksheetkidscoloringhouse.github.io/images/missing-number-math-worksheet-6726.jpg,Homeschool Math,04/23/2026 08:31:00 AM
Mixed Operations Math Worksheet,Free printable Mixed Operations worksheet for Grade 3. Perfect for homeschool practice and classroom activities.,https://mathworksheetkidscoloringhouse.github.io/html/mixed-operations-math-worksheet-1596.html,https://mathworksheetkidscoloringhouse.github.io/images/mixed-operations-math-worksheet-1596.jpg,Kids Math Worksheets,04/23/2026 11:04:00 AM
Printable Free 27 Multiplication Math Worksheet For Grade 2 - Part 188 | Printable Practice,Teachers and parents love this Multiplication worksheet for Grade 2. Download and print instantly.,https://mathworksheetkidscoloringhouse.github.io/html/printable-free-27-multiplication-math-worksheet-for-grade-2-part-188-6959.html,https://mathworksheetkidscoloringhouse.github.io/images/printable-free-27-multiplication-math-worksheet-for-grade-2-part-188-6959.jpg,Printable Worksheets,04/23/2026 01:36:00 PM
Grade 5 Subtraction Practice Worksheet (15 Problems) - Part 189 | Printable Practice,Fun and engaging Subtraction worksheet for Grade 5. Perfect printable math practice.,https://mathworksheetkidscoloringhouse.github.io/html/grade-5-subtraction-practice-worksheet-15-problems-part-189-2317.html,https://mathworksheetkidscoloringhouse.github.io/images/grade-5-subtraction-practice-worksheet-15-problems-part-189-2317.jpg,Printable Worksheets,04/23/2026 04:32:00 PM
3 Times Table Worksheet For Grade 2 With Answers - Part 190 | Printable Practice,Help kids master Times Table with this printable worksheet for Grade 2. Great for daily math practice.,https://mathworksheetkidscoloringhouse.github.io/html/3-times-table-worksheet-for-grade-2-with-answers-part-190-9583.html,https://mathworksheetkidscoloringhouse.github.io/images/3-times-table-worksheet-for-grade-2-with-answers-part-190-9583.jpg,Printable Worksheets,04/23/2026 08:24:00 PM
Printable Tracing Worksheet For Kids - Part 191 | Free Printable,Printable Tracing worksheet designed for Kindergarten students. Easy and fun math practice.,https://mathworksheetkidscoloringhouse.github.io/html/printable-tracing-worksheet-for-kids-part-191-1083.html,https://mathworksheetkidscoloringhouse.github.io/images/printable-tracing-worksheet-for-kids-part-191-1083.jpg,Elementary Math Activities,04/24/2026 08:35:00 AM
Math Word Problem Worksheet,Help kids master Word Problem with this printable worksheet for Grade 3. Great for daily math practice.,https://mathworksheetkidscoloringhouse.github.io/html/math-word-problem-worksheet-3611.html,https://mathworksheetkidscoloringhouse.github.io/images/math-word-problem-worksheet-3611.jpg,Elementary Math Activities,04/24/2026 11:00:00 AM
Free 21 Addition Math Worksheet For Grade 5 - Part 193 | Printable Practice,Free printable Addition worksheet for Grade 5. Perfect for homeschool practice and classroom activities.,https://mathworksheetkidscoloringhouse.github.io/html/free-21-addition-math-worksheet-for-grade-5-part-193-3582.html,https://mathworksheetkidscoloringhouse.github.io/images/free-21-addition-math-worksheet-for-grade-5-part-193-3582.jpg,Math Practice Printables,04/24/2026 01:37:00 PM
Grade 1 Count and Color Shapes Worksheet,Printable Count and Color worksheet designed for Grade 1 students. Easy and fun math practice.,https://mathworksheetkidscoloringhouse.github.io/html/grade-1-count-and-color-shapes-worksheet-3879.html,https://mathworksheetkidscoloringhouse.github.io/images/grade-1-count-and-color-shapes-worksheet-3879.jpg,Kids Math Worksheets,04/24/2026 04:34:00 PM
Learn Counting With Pictures Worksheet (Kindergarten) - Part 195 | Printable Practice,Help kids master Counting Objects with this printable worksheet for Kindergarten. Great for daily math practice.,https://mathworksheetkidscoloringhouse.github.io/html/learn-counting-with-pictures-worksheet-kindergarten-part-195-4556.html,https://mathworksheetkidscoloringhouse.github.io/images/learn-counting-with-pictures-worksheet-kindergarten-part-195-4556.jpg,Elementary Math Activities,04/24/2026 08:34:00 PM
Free 13 Division Math Worksheet For Grade 2 With Answers - Part 196 | Printable Practice,Printable Division worksheet designed for Grade 2 students. Easy and fun math practice.,https://mathworksheetkidscoloringhouse.github.io/html/free-13-division-math-worksheet-for-grade-2-with-answers-part-196-8988.html,https://mathworksheetkidscoloringhouse.github.io/images/free-13-division-math-worksheet-for-grade-2-with-answers-part-196-8988.jpg,Printable Worksheets,04/25/2026 08:36:00 AM
Ultimate Mathematics Practice Quiz Worksheet,Help kids master Math with this printable worksheet for Math. Great for daily math practice.,https://mathworksheetkidscoloringhouse.github.io/html/ultimate-mathematics-practice-quiz-worksheet-9289.html,https://mathworksheetkidscoloringhouse.github.io/images/ultimate-mathematics-practice-quiz-worksheet-9289.jpg,Kids Math Worksheets,04/25/2026 11:00:00 AM
Missing Number Math Worksheet,Printable Missing Number worksheet designed for Grade 1 students. Easy and fun math practice.,https://mathworksheetkidscoloringhouse.github.io/html/missing-number-math-worksheet-4551.html,https://mathworksheetkidscoloringhouse.github.io/images/missing-number-math-worksheet-4551.jpg,Math Practice Printables,04/25/2026 01:32:00 PM
Mixed Operations Math Worksheet,Fun and engaging Mixed Operations worksheet for Grade 3. Perfect printable math practice.,https://mathworksheetkidscoloringhouse.github.io/html/mixed-operations-math-worksheet-5798.html,https://mathworksheetkidscoloringhouse.github.io/images/mixed-operations-math-worksheet-5798.jpg,Homeschool Math,04/25/2026 04:27:00 PM
Printable Free 16 Multiplication Math Worksheet For Grade 2 - Part 200 | Printable Practice,Printable Multiplication worksheet designed for Grade 2 students. Easy and fun math practice.,https://mathworksheetkidscoloringhouse.github.io/html/printable-free-16-multiplication-math-worksheet-for-grade-2-part-200-2501.html,https://mathworksheetkidscoloringhouse.github.io/images/printable-free-16-multiplication-math-worksheet-for-grade-2-part-200-2501.jpg,Kids Math Worksheets,04/25/2026 08:23:00 PM
